used methods: ICPCP	PSO	HGSA	PCPandPSO2_4plus	

success ratio
0.005	1.000	1.000	0.000	1.000	
0.010	1.000	1.000	0.000	1.000	
0.015	1.000	1.000	0.100	1.000	
0.020	1.000	1.000	0.300	1.000	
0.025	1.000	1.000	0.900	1.000	
0.030	1.000	1.000	1.000	1.000	
0.035	1.000	1.000	1.000	1.000	
0.040	1.000	1.000	1.000	1.000	
0.045	1.000	1.000	1.000	1.000	
0.050	1.000	1.000	1.000	1.000	



normalized cost
0.005	25.308	29.885	61.995	19.205	
0.010	25.308	28.254	63.926	19.210	
0.015	25.308	25.008	64.026	19.256	
0.020	25.308	23.587	61.900	18.256	
0.025	25.308	22.351	59.244	16.008	
0.030	25.308	21.336	56.592	14.154	
0.035	25.308	20.000	52.941	16.103	
0.040	25.308	20.226	52.836	15.103	
0.045	25.308	20.210	52.956	16.051	
0.050	25.308	18.079	50.900	16.051	



leased VM number
0.005	13.000	15.000	30.700	11.000	
0.010	13.000	14.700	31.500	10.800	
0.015	13.000	13.600	31.500	9.000	
0.020	13.000	12.700	30.600	8.000	
0.025	13.000	13.100	30.200	11.700	
0.030	13.000	12.400	29.500	8.000	
0.035	13.000	13.000	28.000	12.000	
0.040	13.000	12.100	28.100	11.000	
0.045	13.000	12.700	27.400	14.000	
0.050	13.000	11.400	27.400	14.000	



reference values (CF, MF, CC, MC)
29.749999999999996	81.39999999999985	0.1950000000000002	1016.3733333333355	