used methods: ICPCP	PSO	HGSA	PCPandPSO2_4plus	

success ratio
0.005	1.000	1.000	0.000	1.000	
0.010	1.000	0.900	0.000	1.000	
0.015	1.000	0.900	0.000	1.000	
0.020	1.000	0.900	0.000	1.000	
0.025	1.000	1.000	0.000	1.000	
0.030	1.000	1.000	0.000	1.000	
0.035	1.000	1.000	0.000	1.000	
0.040	1.000	1.000	0.000	1.000	
0.045	1.000	1.000	0.000	1.000	
0.050	1.000	1.000	0.000	1.000	



normalized cost
0.005	3.176	3.681	5.495	3.051	
0.010	3.176	3.464	5.305	2.670	
0.015	3.176	3.248	5.621	2.670	
0.020	3.176	3.273	5.252	2.670	
0.025	3.176	2.817	5.366	2.288	
0.030	3.176	2.752	5.508	2.288	
0.035	3.176	2.687	5.747	1.907	
0.040	3.176	2.383	5.077	1.651	
0.045	3.176	2.497	4.986	1.907	
0.050	3.176	2.269	5.647	1.907	



leased VM number
0.005	9.000	11.900	17.400	8.000	
0.010	9.000	11.500	18.000	7.000	
0.015	9.000	10.900	18.300	7.000	
0.020	9.000	10.900	17.900	7.000	
0.025	9.000	9.800	18.100	6.000	
0.030	9.000	10.300	18.300	6.000	
0.035	9.000	9.800	17.800	5.000	
0.040	9.000	8.800	17.700	5.000	
0.045	9.000	9.300	17.800	5.000	
0.050	9.000	8.900	18.200	5.000	



reference values (CF, MF, CC, MC)
27.96500000000001	2216.0685714285664	1.5600000000000016	27601.186666666665	