used methods: ICPCP	PSO	HGSA	PCPandPSO2_4plus	

success ratio
0.005	1.000	0.000	0.000	1.000	
0.010	1.000	0.300	0.000	1.000	
0.015	1.000	0.300	0.000	1.000	
0.020	1.000	0.600	0.000	1.000	
0.025	1.000	0.900	0.000	1.000	
0.030	1.000	1.000	0.000	1.000	
0.035	1.000	1.000	0.000	1.000	
0.040	1.000	1.000	1.000	1.000	
0.045	1.000	1.000	1.000	1.000	
0.050	1.000	1.000	1.000	1.000	



normalized cost
0.005	11.188	14.533	12.538	11.188	
0.010	11.188	13.895	12.538	11.188	
0.015	11.188	13.925	12.538	11.188	
0.020	11.188	12.443	12.538	11.188	
0.025	11.188	11.159	12.538	11.188	
0.030	11.188	9.940	12.538	11.188	
0.035	11.188	8.823	12.538	11.188	
0.040	11.188	8.076	12.538	11.188	
0.045	11.188	8.651	12.538	11.188	
0.050	11.188	8.143	12.538	11.188	



leased VM number
0.005	11.000	20.100	13.000	11.000	
0.010	11.000	18.300	13.000	11.000	
0.015	11.000	19.100	13.000	11.000	
0.020	11.000	16.200	13.000	11.000	
0.025	11.000	14.500	13.000	11.000	
0.030	11.000	13.100	13.000	11.000	
0.035	11.000	12.200	13.000	11.000	
0.040	11.000	11.700	13.000	11.000	
0.045	11.000	12.200	13.000	11.000	
0.050	11.000	11.800	13.000	11.000	



reference values (CF, MF, CC, MC)
29.749999999999996	403.0857142857136	0.5850000000000007	7841.30000000001	