used methods: ICPCP	PSO	HGSA	PCPandPSO2_4plus	

success ratio
0.005	1.000	0.400	1.000	1.000	
0.010	1.000	0.300	1.000	1.000	
0.015	1.000	0.500	1.000	1.000	
0.020	1.000	1.000	1.000	1.000	
0.025	1.000	1.000	1.000	1.000	
0.030	1.000	0.800	1.000	1.000	
0.035	1.000	1.000	1.000	1.000	
0.040	1.000	1.000	1.000	1.000	
0.045	1.000	1.000	1.000	1.000	
0.050	1.000	1.000	1.000	1.000	



normalized cost
0.005	85.436	69.631	86.436	45.769	
0.010	85.436	63.218	86.436	30.513	
0.015	85.436	60.092	86.436	33.564	
0.020	85.436	48.867	86.436	34.785	
0.025	85.436	43.174	86.436	30.513	
0.030	85.436	51.187	86.436	27.462	
0.035	85.436	38.367	86.436	24.410	
0.040	85.436	34.115	84.259	24.410	
0.045	85.436	33.390	85.195	24.410	
0.050	85.436	32.790	76.313	24.410	



leased VM number
0.005	28.000	28.700	29.000	15.000	
0.010	28.000	26.900	29.000	10.000	
0.015	28.000	24.900	29.000	11.000	
0.020	28.000	22.600	29.000	11.400	
0.025	28.000	21.200	29.000	10.000	
0.030	28.000	24.300	29.000	9.000	
0.035	28.000	20.700	29.000	8.000	
0.040	28.000	18.500	30.200	8.000	
0.045	28.000	18.600	29.600	8.000	
0.050	28.000	18.600	32.400	8.000	



reference values (CF, MF, CC, MC)
29.749999999999996	18.931428571428572	0.1950000000000002	339.0933333333338	